3.6148719499999995 
3.7032351899999956 
3.8302455699999998 
3.6508367799999997 
3.7826981800000046 
3.800937680000034 
3.672628149999996 
3.781680589999983 
3.7213610700000026 
3.5333577600000536 
3.7753999499999646 
3.728080059999984 
3.5601182699999483 
3.663968249999998 
3.8003180700000576 
3.8241431799999916 
3.7029536399999596 
3.8865661699999783 
3.963262040000063 
3.66570636000004 
3.9648911000000044 
3.7262314899999547 
3.72913565999992 
3.863307979999845 
3.872546150000035 
3.918992929999913 
3.7862998000000334 
3.8870849200001247 
3.8017550500001196 
3.8548934899999403 
3.7890689600000043 
3.8270662099998116 
3.428172180000038 
3.925203590000001 
3.563985229999871 
4.0730879600000485 
3.9709991800002897 
3.8338722500000584 
3.931504979999918 
3.865727039999838 
3.9315733100002763 
3.7897937299999467 
3.905335850000156 
4.048366700000079 
3.9725818099999377 
3.9885867000000506 
3.8701987399998323 
4.154967000000179 
4.11705911999994 
4.1092636200000925 
4.1607184199999026 
4.070141240000048 
4.0071440199999415 
3.8790504399999555 
4.249941229999859 
4.269758539999966 
4.3846938799999045 
4.367164660000017 
4.147021349999923 
4.219795620000114 
4.19659950000012 
4.351240470000084 
4.061150070000004 
4.320893669999859 
4.1198107399999575 
4.077560230000272 
4.3871614100000444 
4.450006419999918 
4.44596958000031 
4.107808960000111 
4.3210683999998585 
4.200550999999614 
4.397707400000363 
4.524233179999573 
3.8448682000002736 
4.544289160000189 
4.42975609999994 
4.135720929999952 
4.562834379999767 
4.571781119999868 
4.248133839999864 
4.3481998599995855 
4.6038811300003 
4.2452779900002495 
4.243254830000588 
4.294023010000601 
4.559858620000159 
4.333060249999908 
4.197049909999769 
4.503818650000175 
4.346898000000001 
4.720027259999697 
4.653915839999899 
4.226308550000104 
4.372401790000222 
4.205871400000105 
4.433812769999713 
4.292145360000286 
4.411326890000055 
4.380036360000595