0.5381713100000007 
0.5895204699999954 
0.7167662299999984 
0.6789052800000036 
0.8216016399999989 
0.6448283300000048 
0.7332995800000026 
0.6951838600000064 
0.6772640800000181 
0.6231438699999672 
0.5672911000000113 
0.5397453100000166 
0.6470501400000194 
0.6328814300000158 
0.6348288299999968 
0.6127220599999782 
0.7319230200000039 
0.7079193099999702 
0.6705923700000676 
0.6870028600000114 
0.6863837099999001 
0.6611062799999127 
0.6909055099999568 
0.7205758599998989 
0.7651435099998889 
0.7775677199998244 
0.7256636299999445 
0.7444774100000723 
0.7420230699999775 
0.6942819199999213 
0.7608458900000551 
0.7805737999999838 
0.7974906900000133 
0.7334247599999799 
0.8343188400001236 
0.7537990600000739 
0.7337283899998874 
0.8256562300000223 
0.8356885099998544 
0.7357921799999168 
0.7079084900000816 
0.7882903300001272 
0.6915641299999697 
0.825093500000221 
0.672855210000198 
0.8404904799999349 
0.8568923400002313 
0.786736220000057 
0.8871584100000472 
0.862610109999805 
0.8481562599998506 
0.8742854199999783 
0.8067264799999976 
0.8630259599998681 
0.8982534100003613 
0.7485761699998693 
0.9585225800002809 
0.9683239300001151 
1.034207359999964 
0.9574087899999723 
0.9637235400004647 
0.9398694799998338 
0.9720950099999027 
0.9078138500000205 
0.9856613099999959 
0.9244140800000241 
0.9713751100005175 
1.0082793100000345 
0.9498647099996742 
1.070339009999807 
0.9476364400003513 
1.048004699999874 
0.9805571699996654 
0.9127391599998372 
0.9975410500003636 
0.922551150000072 
0.9844427100002213 
1.0138431799998215 
0.9907112399999459 
1.0321410699994886 
0.9600072300002648 
1.043712529999175 
1.071836149999799 
0.9725772999996116 
1.0027550600002724 
0.9100818900001468 
1.0393897800002014 
1.0235043299995596 
1.1204892500001733 
1.1504768099993816 
1.049597029999786 
1.0691389200004777 
1.0978874399995402 
1.0903514100002212 
1.0216820299998652 
1.1366052500001387 
1.0651252800004294 
1.0554784000002109 
1.0759946999997192 
1.0160905200005073